   0.800    0.000    0.000
   0.800    0.005    0.001
   0.800    0.010    0.002
   0.800    0.015    0.003
   0.800    0.020    0.004
   0.800    0.025    0.005
   0.799    0.030    0.006
   0.799    0.035    0.007
   0.799    0.040    0.008
   0.799    0.045    0.009
   0.798    0.050    0.010
   0.798    0.055    0.011
   0.798    0.060    0.012
   0.797    0.065    0.013
   0.797    0.070    0.014
   0.796    0.075    0.015
   0.796    0.080    0.016
   0.795    0.085    0.017
   0.795    0.090    0.018
   0.794    0.095    0.019
   0.794    0.100    0.020
   0.793    0.105    0.021
   0.792    0.110    0.022
   0.792    0.115    0.023
   0.791    0.120    0.024
   0.790    0.125    0.025
   0.789    0.130    0.026
   0.789    0.135    0.027
   0.788    0.140    0.028
   0.787    0.145    0.029
   0.786    0.150    0.030
   0.785    0.155    0.031
   0.784    0.160    0.032
   0.783    0.165    0.033
   0.782    0.170    0.034
   0.781    0.175    0.035
   0.780    0.179    0.036
   0.778    0.184    0.037
   0.777    0.189    0.038
   0.776    0.194    0.039
   0.775    0.199    0.040
   0.774    0.204    0.041
   0.772    0.209    0.042
   0.771    0.214    0.043
   0.770    0.218    0.044
   0.768    0.223    0.045
   0.767    0.228    0.046
   0.765    0.233    0.047
   0.764    0.238    0.048
   0.762    0.242    0.049
   0.761    0.247    0.050
   0.759    0.252    0.051
   0.758    0.257    0.052
   0.756    0.262    0.053
   0.754    0.266    0.054
   0.753    0.271    0.055
   0.751    0.276    0.056
   0.749    0.280    0.057
   0.747    0.285    0.058
   0.746    0.290    0.059
   0.744    0.294    0.060
   0.742    0.299    0.061
   0.740    0.304    0.062
   0.738    0.308    0.063
   0.736    0.313    0.064
   0.734    0.318    0.065
   0.732    0.322    0.066
   0.730    0.327    0.067
   0.728    0.332    0.068
   0.726    0.336    0.069
   0.724    0.341    0.070
   0.722    0.345    0.071
   0.720    0.350    0.072
   0.717    0.354    0.073
   0.715    0.359    0.074
   0.713    0.363    0.075
   0.711    0.368    0.076
   0.708    0.372    0.077
   0.706    0.377    0.078
   0.703    0.381    0.079
   0.701    0.385    0.080
   0.699    0.390    0.081
   0.696    0.394    0.082
   0.694    0.399    0.083
   0.691    0.403    0.084
   0.689    0.407    0.085
   0.686    0.412    0.086
   0.683    0.416    0.087
   0.681    0.420    0.088
   0.678    0.424    0.089
   0.675    0.429    0.090
   0.673    0.433    0.091
   0.670    0.437    0.092
   0.667    0.441    0.093
   0.664    0.446    0.094
   0.662    0.450    0.095
   0.659    0.454    0.096
   0.656    0.458    0.097
   0.653    0.462    0.098
   0.650    0.466    0.099
   0.647    0.470    0.100
   0.644    0.474    0.101
   0.641    0.478    0.102
   0.638    0.482    0.103
   0.635    0.486    0.104
   0.632    0.490    0.105
   0.629    0.494    0.106
   0.626    0.498    0.107
   0.623    0.502    0.108
   0.620    0.506    0.109
   0.616    0.510    0.110
   0.613    0.514    0.111
   0.610    0.518    0.112
   0.607    0.521    0.113
   0.603    0.525    0.114
   0.600    0.529    0.115
   0.597    0.533    0.116
   0.593    0.537    0.117
   0.590    0.540    0.118
   0.587    0.544    0.119
   0.583    0.548    0.120
   0.580    0.551    0.121
   0.576    0.555    0.122
   0.573    0.559    0.123
   0.569    0.562    0.124
   0.566    0.566    0.125
   0.562    0.569    0.126
   0.559    0.573    0.127
   0.555    0.576    0.128
   0.551    0.580    0.129
   0.548    0.583    0.130
   0.544    0.587    0.131
   0.540    0.590    0.132
   0.537    0.593    0.133
   0.533    0.597    0.134
   0.529    0.600    0.135
   0.525    0.603    0.136
   0.521    0.607    0.137
   0.518    0.610    0.138
   0.514    0.613    0.139
   0.510    0.616    0.140
   0.506    0.620    0.141
   0.502    0.623    0.142
   0.498    0.626    0.143
   0.494    0.629    0.144
   0.490    0.632    0.145
   0.486    0.635    0.146
   0.482    0.638    0.147
   0.478    0.641    0.148
   0.474    0.644    0.149
   0.470    0.647    0.150
   0.466    0.650    0.151
   0.462    0.653    0.152
   0.458    0.656    0.153
   0.454    0.659    0.154
   0.450    0.662    0.155
   0.446    0.664    0.156
   0.441    0.667    0.157
   0.437    0.670    0.158
   0.433    0.673    0.159
   0.429    0.675    0.160
   0.424    0.678    0.161
   0.420    0.681    0.162
   0.416    0.683    0.163
   0.412    0.686    0.164
   0.407    0.689    0.165
   0.403    0.691    0.166
   0.399    0.694    0.167
   0.394    0.696    0.168
   0.390    0.699    0.169
   0.385    0.701    0.170
   0.381    0.703    0.171
   0.377    0.706    0.172
   0.372    0.708    0.173
   0.368    0.711    0.174
   0.363    0.713    0.175
   0.359    0.715    0.176
   0.354    0.717    0.177
   0.350    0.720    0.178
   0.345    0.722    0.179
   0.341    0.724    0.180
   0.336    0.726    0.181
   0.332    0.728    0.182
   0.327    0.730    0.183
   0.322    0.732    0.184
   0.318    0.734    0.185
   0.313    0.736    0.186
   0.308    0.738    0.187
   0.304    0.740    0.188
   0.299    0.742    0.189
   0.294    0.744    0.190
   0.290    0.746    0.191
   0.285    0.747    0.192
   0.280    0.749    0.193
   0.276    0.751    0.194
   0.271    0.753    0.195
   0.266    0.754    0.196
   0.262    0.756    0.197
   0.257    0.758    0.198
   0.252    0.759    0.199
   0.247    0.761    0.200
   0.242    0.762    0.201
   0.238    0.764    0.202
   0.233    0.765    0.203
   0.228    0.767    0.204
   0.223    0.768    0.205
   0.218    0.770    0.206
   0.214    0.771    0.207
   0.209    0.772    0.208
   0.204    0.774    0.209
   0.199    0.775    0.210
   0.194    0.776    0.211
   0.189    0.777    0.212
   0.184    0.778    0.213
   0.179    0.780    0.214
   0.175    0.781    0.215
   0.170    0.782    0.216
   0.165    0.783    0.217
   0.160    0.784    0.218
   0.155    0.785    0.219
   0.150    0.786    0.220
   0.145    0.787    0.221
   0.140    0.788    0.222
   0.135    0.789    0.223
   0.130    0.789    0.224
   0.125    0.790    0.225
   0.120    0.791    0.226
   0.115    0.792    0.227
   0.110    0.792    0.228
   0.105    0.793    0.229
   0.100    0.794    0.230
   0.095    0.794    0.231
   0.090    0.795    0.232
   0.085    0.795    0.233
   0.080    0.796    0.234
   0.075    0.796    0.235
   0.070    0.797    0.236
   0.065    0.797    0.237
   0.060    0.798    0.238
   0.055    0.798    0.239
   0.050    0.798    0.240
   0.045    0.799    0.241
   0.040    0.799    0.242
   0.035    0.799    0.243
   0.030    0.799    0.244
   0.025    0.800    0.245
   0.020    0.800    0.246
   0.015    0.800    0.247
   0.010    0.800    0.248
   0.005    0.800    0.249
   0.000    0.800    0.250
  -0.005    0.800    0.251
  -0.010    0.800    0.252
  -0.015    0.800    0.253
  -0.020    0.800    0.254
  -0.025    0.800    0.255
  -0.030    0.799    0.256
  -0.035    0.799    0.257
  -0.040    0.799    0.258
  -0.045    0.799    0.259
  -0.050    0.798    0.260
  -0.055    0.798    0.261
  -0.060    0.798    0.262
  -0.065    0.797    0.263
  -0.070    0.797    0.264
  -0.075    0.796    0.265
  -0.080    0.796    0.266
  -0.085    0.795    0.267
  -0.090    0.795    0.268
  -0.095    0.794    0.269
  -0.100    0.794    0.270
  -0.105    0.793    0.271
  -0.110    0.792    0.272
  -0.115    0.792    0.273
  -0.120    0.791    0.274
  -0.125    0.790    0.275
  -0.130    0.789    0.276
  -0.135    0.789    0.277
  -0.140    0.788    0.278
  -0.145    0.787    0.279
  -0.150    0.786    0.280
  -0.155    0.785    0.281
  -0.160    0.784    0.282
  -0.165    0.783    0.283
  -0.170    0.782    0.284
  -0.175    0.781    0.285
  -0.179    0.780    0.286
  -0.184    0.778    0.287
  -0.189    0.777    0.288
  -0.194    0.776    0.289
  -0.199    0.775    0.290
  -0.204    0.774    0.291
  -0.209    0.772    0.292
  -0.214    0.771    0.293
  -0.218    0.770    0.294
  -0.223    0.768    0.295
  -0.228    0.767    0.296
  -0.233    0.765    0.297
  -0.238    0.764    0.298
  -0.242    0.762    0.299
  -0.247    0.761    0.300
  -0.252    0.759    0.301
  -0.257    0.758    0.302
  -0.262    0.756    0.303
  -0.266    0.754    0.304
  -0.271    0.753    0.305
  -0.276    0.751    0.306
  -0.280    0.749    0.307
  -0.285    0.747    0.308
  -0.290    0.746    0.309
  -0.294    0.744    0.310
  -0.299    0.742    0.311
  -0.304    0.740    0.312
  -0.308    0.738    0.313
  -0.313    0.736    0.314
  -0.318    0.734    0.315
  -0.322    0.732    0.316
  -0.327    0.730    0.317
  -0.332    0.728    0.318
  -0.336    0.726    0.319
  -0.341    0.724    0.320
  -0.345    0.722    0.321
  -0.350    0.720    0.322
  -0.354    0.717    0.323
  -0.359    0.715    0.324
  -0.363    0.713    0.325
  -0.368    0.711    0.326
  -0.372    0.708    0.327
  -0.377    0.706    0.328
  -0.381    0.703    0.329
  -0.385    0.701    0.330
  -0.390    0.699    0.331
  -0.394    0.696    0.332
  -0.399    0.694    0.333
  -0.403    0.691    0.334
  -0.407    0.689    0.335
  -0.412    0.686    0.336
  -0.416    0.683    0.337
  -0.420    0.681    0.338
  -0.424    0.678    0.339
  -0.429    0.675    0.340
  -0.433    0.673    0.341
  -0.437    0.670    0.342
  -0.441    0.667    0.343
  -0.446    0.664    0.344
  -0.450    0.662    0.345
  -0.454    0.659    0.346
  -0.458    0.656    0.347
  -0.462    0.653    0.348
  -0.466    0.650    0.349
  -0.470    0.647    0.350
  -0.474    0.644    0.351
  -0.478    0.641    0.352
  -0.482    0.638    0.353
  -0.486    0.635    0.354
  -0.490    0.632    0.355
  -0.494    0.629    0.356
  -0.498    0.626    0.357
  -0.502    0.623    0.358
  -0.506    0.620    0.359
  -0.510    0.616    0.360
  -0.514    0.613    0.361
  -0.518    0.610    0.362
  -0.521    0.607    0.363
  -0.525    0.603    0.364
  -0.529    0.600    0.365
  -0.533    0.597    0.366
  -0.537    0.593    0.367
  -0.540    0.590    0.368
  -0.544    0.587    0.369
  -0.548    0.583    0.370
  -0.551    0.580    0.371
  -0.555    0.576    0.372
  -0.559    0.573    0.373
  -0.562    0.569    0.374
  -0.566    0.566    0.375
  -0.569    0.562    0.376
  -0.573    0.559    0.377
  -0.576    0.555    0.378
  -0.580    0.551    0.379
  -0.583    0.548    0.380
  -0.587    0.544    0.381
  -0.590    0.540    0.382
  -0.593    0.537    0.383
  -0.597    0.533    0.384
  -0.600    0.529    0.385
  -0.603    0.525    0.386
  -0.607    0.521    0.387
  -0.610    0.518    0.388
  -0.613    0.514    0.389
  -0.616    0.510    0.390
  -0.620    0.506    0.391
  -0.623    0.502    0.392
  -0.626    0.498    0.393
  -0.629    0.494    0.394
  -0.632    0.490    0.395
  -0.635    0.486    0.396
  -0.638    0.482    0.397
  -0.641    0.478    0.398
  -0.644    0.474    0.399
  -0.647    0.470    0.400
  -0.650    0.466    0.401
  -0.653    0.462    0.402
  -0.656    0.458    0.403
  -0.659    0.454    0.404
  -0.662    0.450    0.405
  -0.664    0.446    0.406
  -0.667    0.441    0.407
  -0.670    0.437    0.408
  -0.673    0.433    0.409
  -0.675    0.429    0.410
  -0.678    0.424    0.411
  -0.681    0.420    0.412
  -0.683    0.416    0.413
  -0.686    0.412    0.414
  -0.689    0.407    0.415
  -0.691    0.403    0.416
  -0.694    0.399    0.417
  -0.696    0.394    0.418
  -0.699    0.390    0.419
  -0.701    0.385    0.420
  -0.703    0.381    0.421
  -0.706    0.377    0.422
  -0.708    0.372    0.423
  -0.711    0.368    0.424
  -0.713    0.363    0.425
  -0.715    0.359    0.426
  -0.717    0.354    0.427
  -0.720    0.350    0.428
  -0.722    0.345    0.429
  -0.724    0.341    0.430
  -0.726    0.336    0.431
  -0.728    0.332    0.432
  -0.730    0.327    0.433
  -0.732    0.322    0.434
  -0.734    0.318    0.435
  -0.736    0.313    0.436
  -0.738    0.308    0.437
  -0.740    0.304    0.438
  -0.742    0.299    0.439
  -0.744    0.294    0.440
  -0.746    0.290    0.441
  -0.747    0.285    0.442
  -0.749    0.280    0.443
  -0.751    0.276    0.444
  -0.753    0.271    0.445
  -0.754    0.266    0.446
  -0.756    0.262    0.447
  -0.758    0.257    0.448
  -0.759    0.252    0.449
  -0.761    0.247    0.450
  -0.762    0.242    0.451
  -0.764    0.238    0.452
  -0.765    0.233    0.453
  -0.767    0.228    0.454
  -0.768    0.223    0.455
  -0.770    0.218    0.456
  -0.771    0.214    0.457
  -0.772    0.209    0.458
  -0.774    0.204    0.459
  -0.775    0.199    0.460
  -0.776    0.194    0.461
  -0.777    0.189    0.462
  -0.778    0.184    0.463
  -0.780    0.179    0.464
  -0.781    0.175    0.465
  -0.782    0.170    0.466
  -0.783    0.165    0.467
  -0.784    0.160    0.468
  -0.785    0.155    0.469
  -0.786    0.150    0.470
  -0.787    0.145    0.471
  -0.788    0.140    0.472
  -0.789    0.135    0.473
  -0.789    0.130    0.474
  -0.790    0.125    0.475
  -0.791    0.120    0.476
  -0.792    0.115    0.477
  -0.792    0.110    0.478
  -0.793    0.105    0.479
  -0.794    0.100    0.480
  -0.794    0.095    0.481
  -0.795    0.090    0.482
  -0.795    0.085    0.483
  -0.796    0.080    0.484
  -0.796    0.075    0.485
  -0.797    0.070    0.486
  -0.797    0.065    0.487
  -0.798    0.060    0.488
  -0.798    0.055    0.489
  -0.798    0.050    0.490
  -0.799    0.045    0.491
  -0.799    0.040    0.492
  -0.799    0.035    0.493
  -0.799    0.030    0.494
  -0.800    0.025    0.495
  -0.800    0.020    0.496
  -0.800    0.015    0.497
  -0.800    0.010    0.498
  -0.800    0.005    0.499
  -0.800    0.000    0.500
  -0.800   -0.005    0.501
  -0.800   -0.010    0.502
  -0.800   -0.015    0.503
  -0.800   -0.020    0.504
  -0.800   -0.025    0.505
  -0.799   -0.030    0.506
  -0.799   -0.035    0.507
  -0.799   -0.040    0.508
  -0.799   -0.045    0.509
  -0.798   -0.050    0.510
  -0.798   -0.055    0.511
  -0.798   -0.060    0.512
  -0.797   -0.065    0.513
  -0.797   -0.070    0.514
  -0.796   -0.075    0.515
  -0.796   -0.080    0.516
  -0.795   -0.085    0.517
  -0.795   -0.090    0.518
  -0.794   -0.095    0.519
  -0.794   -0.100    0.520
  -0.793   -0.105    0.521
  -0.792   -0.110    0.522
  -0.792   -0.115    0.523
  -0.791   -0.120    0.524
  -0.790   -0.125    0.525
  -0.789   -0.130    0.526
  -0.789   -0.135    0.527
  -0.788   -0.140    0.528
  -0.787   -0.145    0.529
  -0.786   -0.150    0.530
  -0.785   -0.155    0.531
  -0.784   -0.160    0.532
  -0.783   -0.165    0.533
  -0.782   -0.170    0.534
  -0.781   -0.175    0.535
  -0.780   -0.179    0.536
  -0.778   -0.184    0.537
  -0.777   -0.189    0.538
  -0.776   -0.194    0.539
  -0.775   -0.199    0.540
  -0.774   -0.204    0.541
  -0.772   -0.209    0.542
  -0.771   -0.214    0.543
  -0.770   -0.218    0.544
  -0.768   -0.223    0.545
  -0.767   -0.228    0.546
  -0.765   -0.233    0.547
  -0.764   -0.238    0.548
  -0.762   -0.242    0.549
  -0.761   -0.247    0.550
  -0.759   -0.252    0.551
  -0.758   -0.257    0.552
  -0.756   -0.262    0.553
  -0.754   -0.266    0.554
  -0.753   -0.271    0.555
  -0.751   -0.276    0.556
  -0.749   -0.280    0.557
  -0.747   -0.285    0.558
  -0.746   -0.290    0.559
  -0.744   -0.294    0.560
  -0.742   -0.299    0.561
  -0.740   -0.304    0.562
  -0.738   -0.308    0.563
  -0.736   -0.313    0.564
  -0.734   -0.318    0.565
  -0.732   -0.322    0.566
  -0.730   -0.327    0.567
  -0.728   -0.332    0.568
  -0.726   -0.336    0.569
  -0.724   -0.341    0.570
  -0.722   -0.345    0.571
  -0.720   -0.350    0.572
  -0.717   -0.354    0.573
  -0.715   -0.359    0.574
  -0.713   -0.363    0.575
  -0.711   -0.368    0.576
  -0.708   -0.372    0.577
  -0.706   -0.377    0.578
  -0.703   -0.381    0.579
  -0.701   -0.385    0.580
  -0.699   -0.390    0.581
  -0.696   -0.394    0.582
  -0.694   -0.399    0.583
  -0.691   -0.403    0.584
  -0.689   -0.407    0.585
  -0.686   -0.412    0.586
  -0.683   -0.416    0.587
  -0.681   -0.420    0.588
  -0.678   -0.424    0.589
  -0.675   -0.429    0.590
  -0.673   -0.433    0.591
  -0.670   -0.437    0.592
  -0.667   -0.441    0.593
  -0.664   -0.446    0.594
  -0.662   -0.450    0.595
  -0.659   -0.454    0.596
  -0.656   -0.458    0.597
  -0.653   -0.462    0.598
  -0.650   -0.466    0.599
  -0.647   -0.470    0.600
  -0.644   -0.474    0.601
  -0.641   -0.478    0.602
  -0.638   -0.482    0.603
  -0.635   -0.486    0.604
  -0.632   -0.490    0.605
  -0.629   -0.494    0.606
  -0.626   -0.498    0.607
  -0.623   -0.502    0.608
  -0.620   -0.506    0.609
  -0.616   -0.510    0.610
  -0.613   -0.514    0.611
  -0.610   -0.518    0.612
  -0.607   -0.521    0.613
  -0.603   -0.525    0.614
  -0.600   -0.529    0.615
  -0.597   -0.533    0.616
  -0.593   -0.537    0.617
  -0.590   -0.540    0.618
  -0.587   -0.544    0.619
  -0.583   -0.548    0.620
  -0.580   -0.551    0.621
  -0.576   -0.555    0.622
  -0.573   -0.559    0.623
  -0.569   -0.562    0.624
  -0.566   -0.566    0.625
  -0.562   -0.569    0.626
  -0.559   -0.573    0.627
  -0.555   -0.576    0.628
  -0.551   -0.580    0.629
  -0.548   -0.583    0.630
  -0.544   -0.587    0.631
  -0.540   -0.590    0.632
  -0.537   -0.593    0.633
  -0.533   -0.597    0.634
  -0.529   -0.600    0.635
  -0.525   -0.603    0.636
  -0.521   -0.607    0.637
  -0.518   -0.610    0.638
  -0.514   -0.613    0.639
  -0.510   -0.616    0.640
  -0.506   -0.620    0.641
  -0.502   -0.623    0.642
  -0.498   -0.626    0.643
  -0.494   -0.629    0.644
  -0.490   -0.632    0.645
  -0.486   -0.635    0.646
  -0.482   -0.638    0.647
  -0.478   -0.641    0.648
  -0.474   -0.644    0.649
  -0.470   -0.647    0.650
  -0.466   -0.650    0.651
  -0.462   -0.653    0.652
  -0.458   -0.656    0.653
  -0.454   -0.659    0.654
  -0.450   -0.662    0.655
  -0.446   -0.664    0.656
  -0.441   -0.667    0.657
  -0.437   -0.670    0.658
  -0.433   -0.673    0.659
  -0.429   -0.675    0.660
  -0.424   -0.678    0.661
  -0.420   -0.681    0.662
  -0.416   -0.683    0.663
  -0.412   -0.686    0.664
  -0.407   -0.689    0.665
  -0.403   -0.691    0.666
  -0.399   -0.694    0.667
  -0.394   -0.696    0.668
  -0.390   -0.699    0.669
  -0.385   -0.701    0.670
  -0.381   -0.703    0.671
  -0.377   -0.706    0.672
  -0.372   -0.708    0.673
  -0.368   -0.711    0.674
  -0.363   -0.713    0.675
  -0.359   -0.715    0.676
  -0.354   -0.717    0.677
  -0.350   -0.720    0.678
  -0.345   -0.722    0.679
  -0.341   -0.724    0.680
  -0.336   -0.726    0.681
  -0.332   -0.728    0.682
  -0.327   -0.730    0.683
  -0.322   -0.732    0.684
  -0.318   -0.734    0.685
  -0.313   -0.736    0.686
  -0.308   -0.738    0.687
  -0.304   -0.740    0.688
  -0.299   -0.742    0.689
  -0.294   -0.744    0.690
  -0.290   -0.746    0.691
  -0.285   -0.747    0.692
  -0.280   -0.749    0.693
  -0.276   -0.751    0.694
  -0.271   -0.753    0.695
  -0.266   -0.754    0.696
  -0.262   -0.756    0.697
  -0.257   -0.758    0.698
  -0.252   -0.759    0.699
  -0.247   -0.761    0.700
  -0.242   -0.762    0.701
  -0.238   -0.764    0.702
  -0.233   -0.765    0.703
  -0.228   -0.767    0.704
  -0.223   -0.768    0.705
  -0.218   -0.770    0.706
  -0.214   -0.771    0.707
  -0.209   -0.772    0.708
  -0.204   -0.774    0.709
  -0.199   -0.775    0.710
  -0.194   -0.776    0.711
  -0.189   -0.777    0.712
  -0.184   -0.778    0.713
  -0.179   -0.780    0.714
  -0.175   -0.781    0.715
  -0.170   -0.782    0.716
  -0.165   -0.783    0.717
  -0.160   -0.784    0.718
  -0.155   -0.785    0.719
  -0.150   -0.786    0.720
  -0.145   -0.787    0.721
  -0.140   -0.788    0.722
  -0.135   -0.789    0.723
  -0.130   -0.789    0.724
  -0.125   -0.790    0.725
  -0.120   -0.791    0.726
  -0.115   -0.792    0.727
  -0.110   -0.792    0.728
  -0.105   -0.793    0.729
  -0.100   -0.794    0.730
  -0.095   -0.794    0.731
  -0.090   -0.795    0.732
  -0.085   -0.795    0.733
  -0.080   -0.796    0.734
  -0.075   -0.796    0.735
  -0.070   -0.797    0.736
  -0.065   -0.797    0.737
  -0.060   -0.798    0.738
  -0.055   -0.798    0.739
  -0.050   -0.798    0.740
  -0.045   -0.799    0.741
  -0.040   -0.799    0.742
  -0.035   -0.799    0.743
  -0.030   -0.799    0.744
  -0.025   -0.800    0.745
  -0.020   -0.800    0.746
  -0.015   -0.800    0.747
  -0.010   -0.800    0.748
  -0.005   -0.800    0.749
  -0.000   -0.800    0.750
   0.005   -0.800    0.751
   0.010   -0.800    0.752
   0.015   -0.800    0.753
   0.020   -0.800    0.754
   0.025   -0.800    0.755
   0.030   -0.799    0.756
   0.035   -0.799    0.757
   0.040   -0.799    0.758
   0.045   -0.799    0.759
   0.050   -0.798    0.760
   0.055   -0.798    0.761
   0.060   -0.798    0.762
   0.065   -0.797    0.763
   0.070   -0.797    0.764
   0.075   -0.796    0.765
   0.080   -0.796    0.766
   0.085   -0.795    0.767
   0.090   -0.795    0.768
   0.095   -0.794    0.769
   0.100   -0.794    0.770
   0.105   -0.793    0.771
   0.110   -0.792    0.772
   0.115   -0.792    0.773
   0.120   -0.791    0.774
   0.125   -0.790    0.775
   0.130   -0.789    0.776
   0.135   -0.789    0.777
   0.140   -0.788    0.778
   0.145   -0.787    0.779
   0.150   -0.786    0.780
   0.155   -0.785    0.781
   0.160   -0.784    0.782
   0.165   -0.783    0.783
   0.170   -0.782    0.784
   0.175   -0.781    0.785
   0.179   -0.780    0.786
   0.184   -0.778    0.787
   0.189   -0.777    0.788
   0.194   -0.776    0.789
   0.199   -0.775    0.790
   0.204   -0.774    0.791
   0.209   -0.772    0.792
   0.214   -0.771    0.793
   0.218   -0.770    0.794
   0.223   -0.768    0.795
   0.228   -0.767    0.796
   0.233   -0.765    0.797
   0.238   -0.764    0.798
   0.242   -0.762    0.799
   0.247   -0.761    0.800
   0.252   -0.759    0.801
   0.257   -0.758    0.802
   0.262   -0.756    0.803
   0.266   -0.754    0.804
   0.271   -0.753    0.805
   0.276   -0.751    0.806
   0.280   -0.749    0.807
   0.285   -0.747    0.808
   0.290   -0.746    0.809
   0.294   -0.744    0.810
   0.299   -0.742    0.811
   0.304   -0.740    0.812
   0.308   -0.738    0.813
   0.313   -0.736    0.814
   0.318   -0.734    0.815
   0.322   -0.732    0.816
   0.327   -0.730    0.817
   0.332   -0.728    0.818
   0.336   -0.726    0.819
   0.341   -0.724    0.820
   0.345   -0.722    0.821
   0.350   -0.720    0.822
   0.354   -0.717    0.823
   0.359   -0.715    0.824
   0.363   -0.713    0.825
   0.368   -0.711    0.826
   0.372   -0.708    0.827
   0.377   -0.706    0.828
   0.381   -0.703    0.829
   0.385   -0.701    0.830
   0.390   -0.699    0.831
   0.394   -0.696    0.832
   0.399   -0.694    0.833
   0.403   -0.691    0.834
   0.407   -0.689    0.835
   0.412   -0.686    0.836
   0.416   -0.683    0.837
   0.420   -0.681    0.838
   0.424   -0.678    0.839
   0.429   -0.675    0.840
   0.433   -0.673    0.841
   0.437   -0.670    0.842
   0.441   -0.667    0.843
   0.446   -0.664    0.844
   0.450   -0.662    0.845
   0.454   -0.659    0.846
   0.458   -0.656    0.847
   0.462   -0.653    0.848
   0.466   -0.650    0.849
   0.470   -0.647    0.850
   0.474   -0.644    0.851
   0.478   -0.641    0.852
   0.482   -0.638    0.853
   0.486   -0.635    0.854
   0.490   -0.632    0.855
   0.494   -0.629    0.856
   0.498   -0.626    0.857
   0.502   -0.623    0.858
   0.506   -0.620    0.859
   0.510   -0.616    0.860
   0.514   -0.613    0.861
   0.518   -0.610    0.862
   0.521   -0.607    0.863
   0.525   -0.603    0.864
   0.529   -0.600    0.865
   0.533   -0.597    0.866
   0.537   -0.593    0.867
   0.540   -0.590    0.868
   0.544   -0.587    0.869
   0.548   -0.583    0.870
   0.551   -0.580    0.871
   0.555   -0.576    0.872
   0.559   -0.573    0.873
   0.562   -0.569    0.874
   0.566   -0.566    0.875
   0.569   -0.562    0.876
   0.573   -0.559    0.877
   0.576   -0.555    0.878
   0.580   -0.551    0.879
   0.583   -0.548    0.880
   0.587   -0.544    0.881
   0.590   -0.540    0.882
   0.593   -0.537    0.883
   0.597   -0.533    0.884
   0.600   -0.529    0.885
   0.603   -0.525    0.886
   0.607   -0.521    0.887
   0.610   -0.518    0.888
   0.613   -0.514    0.889
   0.616   -0.510    0.890
   0.620   -0.506    0.891
   0.623   -0.502    0.892
   0.626   -0.498    0.893
   0.629   -0.494    0.894
   0.632   -0.490    0.895
   0.635   -0.486    0.896
   0.638   -0.482    0.897
   0.641   -0.478    0.898
   0.644   -0.474    0.899
   0.647   -0.470    0.900
   0.650   -0.466    0.901
   0.653   -0.462    0.902
   0.656   -0.458    0.903
   0.659   -0.454    0.904
   0.662   -0.450    0.905
   0.664   -0.446    0.906
   0.667   -0.441    0.907
   0.670   -0.437    0.908
   0.673   -0.433    0.909
   0.675   -0.429    0.910
   0.678   -0.424    0.911
   0.681   -0.420    0.912
   0.683   -0.416    0.913
   0.686   -0.412    0.914
   0.689   -0.407    0.915
   0.691   -0.403    0.916
   0.694   -0.399    0.917
   0.696   -0.394    0.918
   0.699   -0.390    0.919
   0.701   -0.385    0.920
   0.703   -0.381    0.921
   0.706   -0.377    0.922
   0.708   -0.372    0.923
   0.711   -0.368    0.924
   0.713   -0.363    0.925
   0.715   -0.359    0.926
   0.717   -0.354    0.927
   0.720   -0.350    0.928
   0.722   -0.345    0.929
   0.724   -0.341    0.930
   0.726   -0.336    0.931
   0.728   -0.332    0.932
   0.730   -0.327    0.933
   0.732   -0.322    0.934
   0.734   -0.318    0.935
   0.736   -0.313    0.936
   0.738   -0.308    0.937
   0.740   -0.304    0.938
   0.742   -0.299    0.939
   0.744   -0.294    0.940
   0.746   -0.290    0.941
   0.747   -0.285    0.942
   0.749   -0.280    0.943
   0.751   -0.276    0.944
   0.753   -0.271    0.945
   0.754   -0.266    0.946
   0.756   -0.262    0.947
   0.758   -0.257    0.948
   0.759   -0.252    0.949
   0.761   -0.247    0.950
   0.762   -0.242    0.951
   0.764   -0.238    0.952
   0.765   -0.233    0.953
   0.767   -0.228    0.954
   0.768   -0.223    0.955
   0.770   -0.218    0.956
   0.771   -0.214    0.957
   0.772   -0.209    0.958
   0.774   -0.204    0.959
   0.775   -0.199    0.960
   0.776   -0.194    0.961
   0.777   -0.189    0.962
   0.778   -0.184    0.963
   0.780   -0.179    0.964
   0.781   -0.175    0.965
   0.782   -0.170    0.966
   0.783   -0.165    0.967
   0.784   -0.160    0.968
   0.785   -0.155    0.969
   0.786   -0.150    0.970
   0.787   -0.145    0.971
   0.788   -0.140    0.972
   0.789   -0.135    0.973
   0.789   -0.130    0.974
   0.790   -0.125    0.975
   0.791   -0.120    0.976
   0.792   -0.115    0.977
   0.792   -0.110    0.978
   0.793   -0.105    0.979
   0.794   -0.100    0.980
   0.794   -0.095    0.981
   0.795   -0.090    0.982
   0.795   -0.085    0.983
   0.796   -0.080    0.984
   0.796   -0.075    0.985
   0.797   -0.070    0.986
   0.797   -0.065    0.987
   0.798   -0.060    0.988
   0.798   -0.055    0.989
   0.798   -0.050    0.990
   0.799   -0.045    0.991
   0.799   -0.040    0.992
   0.799   -0.035    0.993
   0.799   -0.030    0.994
   0.800   -0.025    0.995
   0.800   -0.020    0.996
   0.800   -0.015    0.997
   0.800   -0.010    0.998
   0.800   -0.005    0.999
